#best: 27
1 1.732695656085896 (1.732695656085896 +- 0.0)
2 2.532270868246234 (2.532270868246234 +- 0.0)
3 2.2947886542636837 (2.2947886542636837 +- 0.0)
4 2.579047805498508 (2.579047805498508 +- 0.0)
5 2.3272807972633878 (2.3272807972633878 +- 0.0)
6 2.5794461868725667 (2.5794461868725667 +- 0.0)
7 2.5104621583492923 (2.5104621583492923 +- 0.0)
8 2.5959831152342203 (2.5959831152342203 +- 0.0)
9 2.390590749414019 (2.390590749414019 +- 0.0)
10 2.5876603625741543 (2.5876603625741543 +- 0.0)
11 2.519009902076793 (2.519009902076793 +- 0.0)
12 2.4255995922330125 (2.4255995922330125 +- 0.0)
13 2.634689040960076 (2.634689040960076 +- 0.0)
14 2.6008528520450698 (2.6008528520450698 +- 0.0)
15 2.545220830488431 (2.545220830488431 +- 0.0)
16 2.5619715431375893 (2.5619715431375893 +- 0.0)
17 2.586698115482405 (2.586698115482405 +- 0.0)
18 2.563264917645095 (2.563264917645095 +- 0.0)
19 2.5746137443865735 (2.5746137443865735 +- 0.0)
20 2.540941274460625 (2.540941274460625 +- 0.0)
21 2.557851139771361 (2.557851139771361 +- 0.0)
22 2.5412485265981943 (2.5412485265981943 +- 0.0)
23 2.5885985344531486 (2.5885985344531486 +- 0.0)
24 2.611133910732161 (2.611133910732161 +- 0.0)
25 2.588385769196948 (2.588385769196948 +- 0.0)
26 2.59975162872975 (2.59975162872975 +- 0.0)
27 2.6533193201937886 (2.6533193201937886 +- 0.0)
28 2.5592250416309303 (2.5592250416309303 +- 0.0)
29 2.3623488471014014 (2.3623488471014014 +- 0.0)
30 1.823600228642834 (1.823600228642834 +- 0.0)
Overall: 2.4856183704589383 +- 0.20836028577463278