#best: 2
1 1.9226710352171483 (1.9226710352171483 +- 0.0)
2 1.9255276811649884 (1.9255276811649884 +- 0.0)
3 1.76833461702784 (1.76833461702784 +- 0.0)
4 1.5191446322445243 (1.5191446322445243 +- 0.0)
5 1.4775115782432675 (1.4775115782432675 +- 0.0)
6 1.421170951479771 (1.421170951479771 +- 0.0)
7 1.6873576334315699 (1.6873576334315699 +- 0.0)
8 1.9153642978347287 (1.9153642978347287 +- 0.0)
9 1.4679456892963276 (1.4679456892963276 +- 0.0)
10 1.7923231844390881 (1.7923231844390881 +- 0.0)
11 1.3705815158467831 (1.3705815158467831 +- 0.0)
12 1.6739365297179818 (1.6739365297179818 +- 0.0)
13 1.4464623169505773 (1.4464623169505773 +- 0.0)
14 1.461942723254639 (1.461942723254639 +- 0.0)
15 1.8390844299508362 (1.8390844299508362 +- 0.0)
16 1.8983971563487292 (1.8983971563487292 +- 0.0)
17 1.4578644459829349 (1.4578644459829349 +- 0.0)
18 1.4518581222565197 (1.4518581222565197 +- 0.0)
19 1.8870085583037843 (1.8870085583037843 +- 0.0)
20 1.4393571973590193 (1.4393571973590193 +- 0.0)
21 1.847180449745163 (1.847180449745163 +- 0.0)
22 1.6891896675995228 (1.6891896675995228 +- 0.0)
23 1.3884504654503125 (1.3884504654503125 +- 0.0)
24 1.8393320636875252 (1.8393320636875252 +- 0.0)
25 1.4380164106169495 (1.4380164106169495 +- 0.0)
26 1.4929141081290345 (1.4929141081290345 +- 0.0)
27 1.8608727561062448 (1.8608727561062448 +- 0.0)
28 1.7440212837936822 (1.7440212837936822 +- 0.0)
29 1.5675571983965426 (1.5675571983965426 +- 0.0)
30 1.436081084786845 (1.436081084786845 +- 0.0)
Overall: 1.6375819928220958 +- 0.19440998127368994