#best: 3
1 2.8069137960072337 (2.8069137960072337 +- 0.0)
2 2.7628175424520265 (2.7628175424520265 +- 0.0)
3 2.9248657080813065 (2.9248657080813065 +- 0.0)
4 2.8586443138990165 (2.8586443138990165 +- 0.0)
5 2.7646889440722178 (2.7646889440722178 +- 0.0)
6 2.908790639755644 (2.908790639755644 +- 0.0)
7 2.8262396158460596 (2.8262396158460596 +- 0.0)
8 2.8662737251868746 (2.8662737251868746 +- 0.0)
9 2.8210895216696197 (2.8210895216696197 +- 0.0)
10 2.889235751669739 (2.889235751669739 +- 0.0)
11 2.609051993400334 (2.609051993400334 +- 0.0)
12 2.832998247187357 (2.832998247187357 +- 0.0)
13 2.832990636616531 (2.832990636616531 +- 0.0)
14 2.8356394319607445 (2.8356394319607445 +- 0.0)
15 2.7930223041504654 (2.7930223041504654 +- 0.0)
16 2.7897746403607986 (2.7897746403607986 +- 0.0)
17 2.810373625454262 (2.810373625454262 +- 0.0)
18 2.8875889230963065 (2.8875889230963065 +- 0.0)
19 2.8515546031334633 (2.8515546031334633 +- 0.0)
20 2.8348365703836422 (2.8348365703836422 +- 0.0)
21 2.8354731000989712 (2.8354731000989712 +- 0.0)
22 2.881363757894226 (2.881363757894226 +- 0.0)
23 2.8731162595500184 (2.8731162595500184 +- 0.0)
24 2.796528626989695 (2.796528626989695 +- 0.0)
25 2.8540351330902816 (2.8540351330902816 +- 0.0)
26 2.8285766086415345 (2.8285766086415345 +- 0.0)
27 2.8269998795981586 (2.8269998795981586 +- 0.0)
28 2.8296997981082113 (2.8296997981082113 +- 0.0)
29 2.718315276017896 (2.718315276017896 +- 0.0)
30 2.7932323800079293 (2.7932323800079293 +- 0.0)
Overall: 2.8248243784793527 +- 0.05931808920653073